# `scipy.linalg.fiedler`

> 原文：[`docs.scipy.org/doc/scipy-1.12.0/reference/generated/scipy.linalg.fiedler.html#scipy.linalg.fiedler`](https://docs.scipy.org/doc/scipy-1.12.0/reference/generated/scipy.linalg.fiedler.html#scipy.linalg.fiedler)

```py
scipy.linalg.fiedler(a)
```

返回对称的 Fiedler 矩阵

给定一组数字 *a*，Fiedler 矩阵具有结构 `F[i, j] = np.abs(a[i] - a[j])`，因此对角线为零且条目非负。Fiedler 矩阵具有主要的正特征值和其他负特征值。尽管不一般有效，对于特定输入，可以像 [[1]](#rdced6db553ca-1) 中给出的那样显式计算逆和行列式。

参数：

**a**(n,) array_like

系数数组

返回：

**F**(n, n) ndarray

请参见

`circulant`, `toeplitz`

注意事项

1.3.0 版本新增。

参考文献

[1]

J. Todd, “基础数值数学：第 2 卷：数值代数”, 1977 年, Birkhauser, [DOI:10.1007/978-3-0348-7286-7](https://doi.org/10.1007/978-3-0348-7286-7)

示例

```py
>>> import numpy as np
>>> from scipy.linalg import det, inv, fiedler
>>> a = [1, 4, 12, 45, 77]
>>> n = len(a)
>>> A = fiedler(a)
>>> A
array([[ 0,  3, 11, 44, 76],
 [ 3,  0,  8, 41, 73],
 [11,  8,  0, 33, 65],
 [44, 41, 33,  0, 32],
 [76, 73, 65, 32,  0]]) 
```

明确的行列式和逆矩阵公式似乎仅适用于单调递增/递减的数组。注意三对角结构和角落。

```py
>>> Ai = inv(A)
>>> Ai[np.abs(Ai) < 1e-12] = 0.  # cleanup the numerical noise for display
>>> Ai
array([[-0.16008772,  0.16666667,  0\.        ,  0\.        ,  0.00657895],
 [ 0.16666667, -0.22916667,  0.0625    ,  0\.        ,  0\.        ],
 [ 0\.        ,  0.0625    , -0.07765152,  0.01515152,  0\.        ],
 [ 0\.        ,  0\.        ,  0.01515152, -0.03077652,  0.015625  ],
 [ 0.00657895,  0\.        ,  0\.        ,  0.015625  , -0.00904605]])
>>> det(A)
15409151.999999998
>>> (-1)**(n-1) * 2**(n-2) * np.diff(a).prod() * (a[-1] - a[0])
15409152 
```
