# `scipy.linalg.invhilbert`

> 原文链接：[`docs.scipy.org/doc/scipy-1.12.0/reference/generated/scipy.linalg.invhilbert.html#scipy.linalg.invhilbert`](https://docs.scipy.org/doc/scipy-1.12.0/reference/generated/scipy.linalg.invhilbert.html#scipy.linalg.invhilbert)

```py
scipy.linalg.invhilbert(n, exact=False)
```

计算阶数为 *n* 的 Hilbert 矩阵的逆。

Hilbert 矩阵的逆中的条目是整数。当 *n* 大于 14 时，逆中的某些条目超过了 64 位整数的上限。*exact* 参数提供两种处理这些大整数的选项。

参数：

**n**int

Hilbert 矩阵的阶数。

**exact**bool，可选

如果为 False，则返回的数组数据类型为 np.float64，并且数组是逆的近似。如果为 True，则返回的数组是精确的整数逆数组。在 n > 14 时表示精确逆的对象数组是长整数。对于 n <= 14，精确的逆作为数据类型为 np.int64 的数组返回。

返回：

**invh**(n, n) ndarray

如果 *exact* 为 False，则数组的数据类型为 np.float64。如果 *exact* 为 True，则数据类型为 np.int64（当 n <= 14 时）或 object（当 n > 14 时）。在后一种情况下，数组中的对象将是长整数。

另请参阅

`hilbert`

创建 Hilbert 矩阵。

注意事项

自 0.10.0 版本起新增。

示例

```py
>>> from scipy.linalg import invhilbert
>>> invhilbert(4)
array([[   16.,  -120.,   240.,  -140.],
 [ -120.,  1200., -2700.,  1680.],
 [  240., -2700.,  6480., -4200.],
 [ -140.,  1680., -4200.,  2800.]])
>>> invhilbert(4, exact=True)
array([[   16,  -120,   240,  -140],
 [ -120,  1200, -2700,  1680],
 [  240, -2700,  6480, -4200],
 [ -140,  1680, -4200,  2800]], dtype=int64)
>>> invhilbert(16)[7,7]
4.2475099528537506e+19
>>> invhilbert(16, exact=True)[7,7]
42475099528537378560 
```
