["```py\nscipy.linalg.invhilbert(n, exact=False)\n```", "```py\n>>> from scipy.linalg import invhilbert\n>>> invhilbert(4)\narray([[   16.,  -120.,   240.,  -140.],\n [ -120.,  1200., -2700.,  1680.],\n [  240., -2700.,  6480., -4200.],\n [ -140.,  1680., -4200.,  2800.]])\n>>> invhilbert(4, exact=True)\narray([[   16,  -120,   240,  -140],\n [ -120,  1200, -2700,  1680],\n [  240, -2700,  6480, -4200],\n [ -140,  1680, -4200,  2800]], dtype=int64)\n>>> invhilbert(16)[7,7]\n4.2475099528537506e+19\n>>> invhilbert(16, exact=True)[7,7]\n42475099528537378560 \n```"]