["```py\nscipy.linalg.fiedler(a)\n```", "```py\n>>> import numpy as np\n>>> from scipy.linalg import det, inv, fiedler\n>>> a = [1, 4, 12, 45, 77]\n>>> n = len(a)\n>>> A = fiedler(a)\n>>> A\narray([[ 0,  3, 11, 44, 76],\n [ 3,  0,  8, 41, 73],\n [11,  8,  0, 33, 65],\n [44, 41, 33,  0, 32],\n [76, 73, 65, 32,  0]]) \n```", "```py\n>>> Ai = inv(A)\n>>> Ai[np.abs(Ai) < 1e-12] = 0.  # cleanup the numerical noise for display\n>>> Ai\narray([[-0.16008772,  0.16666667,  0\\.        ,  0\\.        ,  0.00657895],\n [ 0.16666667, -0.22916667,  0.0625    ,  0\\.        ,  0\\.        ],\n [ 0\\.        ,  0.0625    , -0.07765152,  0.01515152,  0\\.        ],\n [ 0\\.        ,  0\\.        ,  0.01515152, -0.03077652,  0.015625  ],\n [ 0.00657895,  0\\.        ,  0\\.        ,  0.015625  , -0.00904605]])\n>>> det(A)\n15409151.999999998\n>>> (-1)**(n-1) * 2**(n-2) * np.diff(a).prod() * (a[-1] - a[0])\n15409152 \n```"]